30 95 2 30
1 17 58
1 20 7
2 10 93
2 11 81
2 15 48
2 23 21
3 6 62
3 7 77
3 18 19
3 27 50
4 5 12
4 10 99
4 12 34
4 14 6
5 2 33
5 9 88
5 28 45
6 1 72
6 3 29
6 13 5
7 16 91
7 25 38
8 3 8
8 6 67
8 19 2
8 21 70
9 4 41
9 11 15
9 29 95
10 3 53
10 5 84
10 26 27
11 1 60
11 19 1
12 8 78
12 17 40
12 20 89
13 7 13
13 9 96
13 22 36
13 30 73
14 2 24
14 6 51
14 24 65
15 12 75
15 18 100
15 20 18
15 27 63
16 5 4
16 10 57
16 28 31
17 14 82
17 21 44
18 1 9
18 9 92
18 29 47
19 2 55
19 16 22
19 23 87
20 4 39
20 11 76
20 15 28
20 30 66
21 8 49
21 13 83
21 24 11
22 6 97
22 17 32
22 25 54
23 1 17
23 18 64
23 26 3
24 5 25
24 16 80
24 29 42
25 7 10
25 12 68
25 19 94
26 13 37
26 22 59
27 3 71
27 10 26
27 14 86
27 30 14
28 8 98
28 17 20
28 21 52
29 4 61
29 9 30
29 15 85
29 23 56
30 2 16
30 11 79
30 19 46
30 25 35